PlayerMass 50|
BreakableMass 25|
BouncePower 0.8|
FrictionValue 0.1|
NormalBlock|-0.4385522,6.882116,-3.040939
NormalBlock|-1.438552,6.882116,-3.040939
NormalBlock|-2.438552,6.882116,-2.040939
NormalBlock|-1.438552,6.882116,-2.040939
NormalBlock|0.5614479,6.882116,-2.040939
NormalBlock|0.5614479,7.882116,-2.040939
NormalBlock|0.5614479,6.882116,-3.040939
NormalBlock|0.5614479,6.882116,-5.040939
NormalBlock|-0.4385521,6.882116,-5.040939
NormalBlock|-2.438552,6.882116,-5.040939
NormalBlock|-2.438552,7.882116,-5.040939
Breakable|-2.438552,6.882116,-3.040939
Breakable|-2.438552,6.882116,-4.040939
Breakable|-1.438552,6.882116,-4.040939
Breakable|0.5614479,6.882116,-4.040939
Breakable|0.5614479,7.882116,-4.040939
Breakable|-0.4385521,6.882116,-4.040939
Breakable|-1.438552,6.882116,-5.040939
Breakable|-3.438552,6.882116,-5.040939
Breakable|-3.438552,6.882116,-4.040939
Breakable|-3.438552,6.882116,-3.040939
Breakable|-3.438552,6.882116,-2.040939
Bomb|-0.4385521,6.882116,-2.040939
Bomb|-0.4385521,6.882116,-1.040939
Bomb|-1.438552,6.882116,-1.040939
?|Bomb|-2.438552,6.882116,-1.040939|70|5|2|6
